10340
11000
15620
16060
22990
24090
19030
22770
25190
30140
31900
33550
45320
50160
16060
16610
11660
12320
15730
16940
17380
20350
24310
24090
25410
26510
31460
33220
34870
46640
51480
15400
16720
17270
24640
25740
27060
32340
34100
35750
48620
53900
13420
16720
18040
18590
25960
27060
28270
33660
35420
37070
49940
55220
7183
6963
6633
6413
5511
5401
5291
5181
5071
5016
4961
4906
4851
4796
4741
6798
7018
7348
7590
5126
5181
5236
5291
5346
5401
5456
5566
5698
5808
5918
495
550
605
605
9460
10340
11110
11660
10780
12430
5115
4565
4455
4345
4290
4400
4510
4620
4675
4785
4895
5005
4730
4785
4840
4895
4950
5005
5060
5115
5225
5335
5445
5555
4895
5060
5225
5225
5753
5753
5412
5577
7788
7854
8316
8448
8580
8712
5335
5390
5445
5500
5555
5610
5665
5775
5885
5995
6105
5720
5775
5830
5885
5940
5995
6050
6160
6270
6380
6490
6435
6325
6215
6105
5995
5940
5885
5830
5775
5720
5665
6523
6578
6633
6688
6743
6798
6853
7238
7348
7458
7568
605
7645
7425
7095
6875
6061
6006
5819
5698
5588
5533
5522
5445
5401
5335
5280
605
6743
6633
6523
6413
6303
6248
6193
6138
6083
6028
5973
495
6413
6303
6193
6083
5973
5918
5863
5808
5753
5698
5643
6798
6688
6578
6468
6358
6303
6248
6193
6138
6083
6028
5423
5478
5533
5588
5643
5698
5753
5863
5973
6083
6193
6017
6072
6127
6182
6237
6292
6347
6457
6567
6677
6787
6974
7084
7194
7315
7535
7766
7986
8921
9471
9922
10362
6457
6347
6237
6127
6017
5962
5907
5852
5797
5742
5687
495
5797
6028
5907
6138
6017
6072
6127
6237
6347
6457
6567
6237
6292
6347
6402
6457
6512
6567
6677
6787
6897
7007
6237
6127
6017
5907
5797
5742
5687
5632
5577
5522
5467
5577
5632
5687
5742
5797
5852
5907
6017
6127
6237
6347
7040
7150
7260
7601
7876
8426
8701
9097
9317
9592
9702
660
660
715
209550
204600
199100
193270
187660
181170
175560
170610
164890
159280
155100
139700
134750
129250
123420
117810
111320
105710
101530
95040
89430
82940
69850
64900
59400
53570
47960
41470
35860
31680
6490
6380
6270
6160
6050
5995
5940
5885
5830
5775
5720
6160
6215
6270
6325
6380
6435
6490
6600
6710
6820
6930
660
7480
7645
7777
8195
8481
8965
9383
9812
9977
10340
10461
9471
9350
8987
8822
8393
7975
7381
7095
6787
6655
6490
495
605
10076
8987
7986
7678
7381
7095
6897
6787
605
9284
8987
8690
8580
8217
8096
7678
7491
6853
6424
6182
6061
5951
5819
148500
143660
138820
133980
128700
123860
119900
113740
109340
99000
94160
89320
84040
79200
74800
69080
65120
61270
49500
44660
40260
34540
30580
26730
7887
7755
7513
7381
7249
7117
6974
6842
6600
6468
6336
7887
7755
7513
7381
7249
7117
6974
6842
6600
6468
6336
6303
6171
6028
5896
5654
5522
5390
5258
5005
4873
4741
4609
4477
4345
7260
6600
5995
5775
5665
5555
5445
40700
32780
29700
26180
21560
20900
6930
6820
6490
6270
6160
6050
5610
5940
5830
5500
5280
5060
4950
4785
4620
5170
5060
4730
4510
4290
4180
4015
3850
6875
5665
5500
5335
63800
74250