9400
10000
14200
14600
20900
21900
17300
20700
22900
27400
29000
30500
41200
45600
14600
15100
10600
11200
14300
15400
15800
18500
22100
21900
23100
24100
28600
30200
31700
42400
46800
14000
15200
15700
22400
23400
24600
29400
31000
32500
44200
49000
12200
15200
16400
16900
23600
24600
25700
30600
32200
33700
45400
50200
6530
6330
6030
5830
5010
4910
4810
4710
4610
4560
4510
4460
4410
4360
4310
6180
6380
6680
6900
4660
4710
4760
4810
4860
4910
4960
5060
5180
5280
5380
450
500
550
550
8600
9400
10100
10600
9800
11300
4650
4150
4050
3950
3900
4000
4100
4200
4250
4350
4450
4550
4300
4350
4400
4450
4500
4550
4600
4650
4750
4850
4950
5050
4450
4600
4750
4750
5230
5230
4920
5070
7080
7140
7560
7680
7800
7920
4850
4900
4950
5000
5050
5100
5150
5250
5350
5450
5550
5200
5250
5300
5350
5400
5450
5500
5600
5700
5800
5900
5850
5750
5650
5550
5450
5400
5350
5300
5250
5200
5150
5930
5980
6030
6080
6130
6180
6230
6580
6680
6780
6880
550
6950
6750
6450
6250
5510
5460
5290
5180
5080
5030
5020
4950
4910
4850
4800
550
6130
6030
5930
5830
5730
5680
5630
5580
5530
5480
5430
450
5830
5730
5630
5530
5430
5380
5330
5280
5230
5180
5130
6180
6080
5980
5880
5780
5730
5680
5630
5580
5530
5480
4930
4980
5030
5080
5130
5180
5230
5330
5430
5530
5630
5470
5520
5570
5620
5670
5720
5770
5870
5970
6070
6170
6340
6440
6540
6650
6850
7060
7260
8110
8610
9020
9420
5870
5770
5670
5570
5470
5420
5370
5320
5270
5220
5170
450
5270
5480
5370
5580
5470
5520
5570
5670
5770
5870
5970
5670
5720
5770
5820
5870
5920
5970
6070
6170
6270
6370
5670
5570
5470
5370
5270
5220
5170
5120
5070
5020
4970
5070
5120
5170
5220
5270
5320
5370
5470
5570
5670
5770
6400
6500
6600
6910
7160
7660
7910
8270
8470
8720
8820
600
600
650
190500
186000
181000
175700
170600
164700
159600
155100
149900
144800
141000
127000
122500
117500
112200
107100
101200
96100
92300
86400
81300
75400
63500
59000
54000
48700
43600
37700
32600
28800
5900
5800
5700
5600
5500
5450
5400
5350
5300
5250
5200
5600
5650
5700
5750
5800
5850
5900
6000
6100
6200
6300
600
6800
6950
7070
7450
7710
8150
8530
8920
9070
9400
9510
8610
8500
8170
8020
7630
7250
6710
6450
6170
6050
5900
450
550
9160
8170
7260
6980
6710
6450
6270
6170
550
8440
8170
7900
7800
7470
7360
6980
6810
6230
5840
5620
5510
5410
5290
135000
130600
126200
121800
117000
112600
109000
103400
99400
90000
85600
81200
76400
72000
68000
62800
59200
55700
45000
40600
36600
31400
27800
24300
7170
7050
6830
6710
6590
6470
6340
6220
6000
5880
5760
7170
7050
6830
6710
6590
6470
6340
6220
6000
5880
5760
5730
5610
5480
5360
5140
5020
4900
4780
4550
4430
4310
4190
4070
3950
6600
6000
5450
5250
5150
5050
4950
37000
29800
27000
23800
19600
19000
6300
6200
5900
5700
5600
5500
5100
5400
5300
5000
4800
4600
4500
4350
4200
4700
4600
4300
4100
3900
3800
3650
3500
6250
5150
5000
4850
58000
67500